,True_3TC,True_ABC,True_AZT,True_D4T,True_DDI,True_TDF,Pred_3TC,Pred_ABC,Pred_AZT,Pred_D4T,Pred_DDI,Pred_TDF
0,1.0,1.0,0.0,1.0,1.0,0.0,0.24640353,0.11018836,0.18096071,0.15371835,0.11792032,0.19080871
1,1.0,1.0,1.0,0.0,1.0,0.0,0.24241614,0.12743346,0.15994936,0.14549047,0.09698901,0.22772156
2,0.0,0.0,0.0,0.0,0.0,0.0,0.15860115,0.16906376,0.13388677,0.1531718,0.2452164,0.14006008
3,1.0,1.0,1.0,1.0,1.0,1.0,0.11989932,0.20457236,0.23984542,0.15566608,0.13583423,0.14418256
4,1.0,1.0,1.0,1.0,1.0,1.0,0.18367706,0.13109048,0.20603111,0.16200048,0.114239864,0.20296103
5,1.0,1.0,1.0,1.0,1.0,0.0,0.24486051,0.11157508,0.16371928,0.16226576,0.10740629,0.21017301
6,1.0,1.0,1.0,1.0,1.0,0.0,0.24086261,0.113114275,0.16481888,0.15940087,0.11184466,0.20995872
7,1.0,1.0,1.0,1.0,1.0,0.0,0.23798479,0.11985109,0.17977984,0.14501028,0.11638164,0.20099233
8,0.0,0.0,0.0,0.0,0.0,0.0,0.1988815,0.16489519,0.13703388,0.13936712,0.23331572,0.12650661
9,1.0,1.0,1.0,1.0,1.0,1.0,0.14232127,0.13683422,0.20792924,0.1891861,0.14871761,0.17501153
10,1.0,1.0,1.0,1.0,1.0,1.0,0.22112104,0.101614475,0.13818295,0.17192726,0.1457312,0.22142306
11,0.0,1.0,1.0,1.0,1.0,1.0,0.13320431,0.17525004,0.2477261,0.15698051,0.13429524,0.15254384
12,1.0,1.0,1.0,0.0,0.0,1.0,0.25076348,0.13078065,0.13934243,0.15923665,0.11408872,0.20578817
13,1.0,1.0,1.0,1.0,1.0,0.0,0.20091496,0.11323077,0.18490417,0.16017847,0.12838534,0.21238625
14,1.0,1.0,1.0,1.0,1.0,1.0,0.20083223,0.11882606,0.17830917,0.15072171,0.1150242,0.23628663
15,0.0,0.0,0.0,0.0,0.0,0.0,0.16001284,0.13577631,0.14682682,0.1754507,0.20671457,0.1752188
16,1.0,1.0,0.0,1.0,1.0,0.0,0.17997718,0.11532184,0.20640263,0.18105297,0.12510082,0.19214451
17,1.0,1.0,1.0,1.0,1.0,1.0,0.21654864,0.122738354,0.18405,0.16070558,0.111180924,0.20477654
18,1.0,0.0,0.0,0.0,0.0,0.0,0.3509489,0.14975774,0.09264334,0.12974012,0.10310933,0.1738006
19,0.0,0.0,0.0,0.0,0.0,0.0,0.16136807,0.18702704,0.1449771,0.16278046,0.2157307,0.12811665
20,1.0,0.0,0.0,0.0,0.0,0.0,0.36311704,0.10431671,0.079246655,0.12012069,0.10393254,0.22926642
21,0.0,0.0,1.0,0.0,0.0,1.0,0.15343799,0.14605714,0.21234299,0.16512553,0.1610433,0.16199309
22,0.0,0.0,0.0,0.0,0.0,0.0,0.17686814,0.16510803,0.13385665,0.17995468,0.21256645,0.13164599
23,1.0,1.0,1.0,1.0,1.0,0.0,0.19069004,0.10452551,0.18951933,0.18787408,0.12896834,0.19842276
24,1.0,1.0,1.0,1.0,1.0,0.0,0.19936126,0.10255219,0.18064277,0.18039523,0.12217489,0.21487366
25,0.0,0.0,0.0,0.0,0.0,0.0,0.1687007,0.17485091,0.14840257,0.15764424,0.19612856,0.15427306
26,1.0,1.0,1.0,1.0,1.0,0.0,0.21267132,0.12065814,0.19708773,0.15630487,0.11089353,0.20238447
27,0.0,0.0,0.0,0.0,0.0,0.0,0.16316724,0.18026274,0.16926195,0.15260567,0.2069475,0.12775491
28,0.0,1.0,1.0,1.0,0.0,0.0,0.13456681,0.19412097,0.2520884,0.14984468,0.12692554,0.1424536
29,1.0,1.0,1.0,1.0,1.0,1.0,0.19344556,0.10248351,0.18147103,0.17876393,0.12381165,0.22002438
30,0.0,0.0,0.0,0.0,0.0,0.0,0.18360704,0.16088545,0.13327293,0.18598853,0.15542401,0.18082204
31,1.0,1.0,1.0,1.0,1.0,0.0,0.24714112,0.119822785,0.18991284,0.1372662,0.10233326,0.20352378
32,1.0,1.0,1.0,1.0,1.0,1.0,0.19675872,0.11062424,0.20242646,0.1741662,0.11935277,0.19667166
33,0.0,0.0,0.0,0.0,0.0,0.0,0.16797094,0.15493691,0.12421428,0.15713607,0.22717723,0.16856465
34,1.0,1.0,0.0,0.0,1.0,0.0,0.32443696,0.12753102,0.104997106,0.12868705,0.08439601,0.22995184
35,1.0,1.0,1.0,1.0,1.0,1.0,0.23767395,0.12310315,0.17842539,0.14771232,0.12104734,0.19203776
36,1.0,1.0,0.0,0.0,0.0,0.0,0.20546716,0.114361964,0.18798463,0.1724376,0.11516823,0.2045805
37,1.0,1.0,1.0,1.0,1.0,0.0,0.22044158,0.11088848,0.16134402,0.16312541,0.1293185,0.214882
38,1.0,1.0,1.0,1.0,1.0,1.0,0.17517056,0.12106067,0.21523814,0.17811404,0.12909494,0.18132165
39,0.0,1.0,0.0,1.0,1.0,0.0,0.14751007,0.16691387,0.19146949,0.17487812,0.17297655,0.14625192
40,0.0,1.0,1.0,1.0,1.0,0.0,0.14136806,0.15486479,0.18702917,0.17457217,0.18028127,0.16188453
41,1.0,1.0,1.0,1.0,1.0,1.0,0.21560551,0.13731071,0.17992942,0.15062805,0.113972746,0.20255344
42,0.0,0.0,0.0,0.0,0.0,0.0,0.16799498,0.15702973,0.15181045,0.16149896,0.22332339,0.13834244
43,0.0,0.0,0.0,0.0,0.0,0.0,0.16489398,0.1707795,0.15465738,0.17490456,0.19712196,0.13764259
44,0.0,0.0,0.0,0.0,0.0,0.0,0.17324036,0.19992515,0.13860795,0.17581163,0.1919193,0.12049569
45,0.0,0.0,1.0,0.0,0.0,1.0,0.15477541,0.1990684,0.22195446,0.15817094,0.12963225,0.13639858
46,0.0,0.0,0.0,0.0,0.0,0.0,0.16549528,0.16922677,0.16083573,0.16815108,0.16030486,0.17598629
47,0.0,0.0,0.0,0.0,0.0,0.0,0.17219025,0.16714089,0.14767815,0.16337259,0.19301865,0.15659949
48,1.0,1.0,0.0,0.0,1.0,0.0,0.3841883,0.13591954,0.08714124,0.09571935,0.104128264,0.19290337
49,0.0,1.0,1.0,1.0,0.0,0.0,0.13949254,0.22178341,0.22640777,0.14943509,0.13760282,0.12527837
50,1.0,1.0,0.0,0.0,1.0,0.0,0.3940356,0.121535555,0.08132871,0.11174008,0.08722217,0.2041379
51,1.0,1.0,1.0,1.0,1.0,1.0,0.19494422,0.123590246,0.17376448,0.17988098,0.12853312,0.19928695
52,1.0,1.0,1.0,0.0,0.0,1.0,0.23469974,0.13137048,0.15615726,0.16321965,0.10661904,0.20793383
53,0.0,0.0,1.0,0.0,0.0,1.0,0.15936016,0.17244042,0.22975941,0.1492102,0.15298346,0.13624637
54,1.0,0.0,0.0,0.0,1.0,0.0,0.30214757,0.14437217,0.11563637,0.1378486,0.111549854,0.18844546
55,1.0,1.0,1.0,1.0,1.0,1.0,0.24101315,0.12616526,0.16560264,0.14845297,0.10472457,0.21404143
56,1.0,1.0,0.0,0.0,1.0,0.0,0.38159427,0.12654053,0.07732549,0.09333076,0.12348793,0.19772099
57,1.0,1.0,1.0,1.0,1.0,1.0,0.13714232,0.18475682,0.25857648,0.15637048,0.119989365,0.14316446
58,1.0,1.0,0.0,0.0,1.0,0.0,0.27443343,0.13918942,0.09042087,0.14895263,0.13033906,0.21666448
59,1.0,1.0,1.0,1.0,1.0,1.0,0.19292113,0.12875001,0.17366298,0.16645566,0.1331161,0.20509416
60,0.0,0.0,0.0,0.0,0.0,0.0,0.17640106,0.17112714,0.15856831,0.16002323,0.19337061,0.1405096
61,0.0,0.0,0.0,0.0,0.0,0.0,0.16014652,0.18961054,0.119687445,0.13808584,0.24436331,0.14810632
62,1.0,1.0,0.0,0.0,1.0,0.0,0.319024,0.13431594,0.1275227,0.12463649,0.057500064,0.2370008
63,0.0,0.0,0.0,0.0,0.0,0.0,0.17640688,0.16187535,0.13707499,0.16519739,0.20443958,0.15500584
64,0.0,1.0,0.0,1.0,1.0,0.0,0.13954009,0.1711463,0.20694052,0.16574347,0.1564595,0.1601701
65,0.0,0.0,0.0,0.0,0.0,0.0,0.17751893,0.15594518,0.147553,0.15810221,0.19455996,0.16632073
66,1.0,1.0,0.0,0.0,1.0,0.0,0.34581774,0.11319327,0.07818268,0.103372596,0.11735081,0.24208285
67,1.0,1.0,0.0,0.0,1.0,0.0,0.34703502,0.12844895,0.110845715,0.12650037,0.07081869,0.21635124
68,1.0,1.0,0.0,1.0,0.0,0.0,0.20941605,0.12359901,0.18582354,0.16671021,0.11357608,0.20087506
69,1.0,1.0,0.0,0.0,1.0,0.0,0.42385766,0.12796119,0.07636222,0.09437618,0.05993161,0.21751104
70,0.0,1.0,1.0,1.0,1.0,1.0,0.14127532,0.17299125,0.24506381,0.15328686,0.13669841,0.15068437
71,1.0,1.0,1.0,1.0,1.0,1.0,0.20874314,0.12006364,0.17651503,0.16261575,0.109516025,0.22254649
72,0.0,0.0,1.0,0.0,0.0,0.0,0.18145664,0.197677,0.187552,0.15030776,0.13225608,0.15075058
73,1.0,1.0,0.0,0.0,0.0,0.0,0.24595381,0.11565227,0.14122182,0.14795235,0.11804846,0.23117134
74,0.0,0.0,0.0,0.0,0.0,0.0,0.15032935,0.16029216,0.13531138,0.17137189,0.23266457,0.15003067
75,0.0,0.0,0.0,0.0,0.0,0.0,0.14660479,0.17236584,0.15148708,0.17610103,0.21720299,0.13623822
76,0.0,0.0,0.0,0.0,0.0,0.0,0.18015574,0.14641844,0.14671834,0.15764563,0.21551351,0.15354837
77,0.0,1.0,1.0,1.0,1.0,1.0,0.1317126,0.16017607,0.22938408,0.18234289,0.14183575,0.15454865
78,1.0,1.0,1.0,0.0,1.0,0.0,0.2532635,0.11729988,0.17614882,0.13529845,0.11952681,0.19846255
79,0.0,1.0,1.0,1.0,0.0,1.0,0.16576532,0.19928543,0.22411963,0.15221684,0.11120997,0.14740285
80,0.0,0.0,0.0,0.0,0.0,0.0,0.15045774,0.14231198,0.11519667,0.17665233,0.25989386,0.15548743
81,1.0,1.0,1.0,1.0,1.0,0.0,0.24618852,0.122239485,0.17411402,0.13627796,0.1005506,0.22062945
82,0.0,0.0,0.0,0.0,1.0,0.0,0.1609324,0.16723312,0.13606292,0.16046071,0.22889444,0.14641646
83,0.0,0.0,0.0,0.0,0.0,0.0,0.18580692,0.19211437,0.14372788,0.14902034,0.2108927,0.11843773
84,1.0,1.0,0.0,0.0,1.0,0.0,0.26066875,0.11743054,0.16580327,0.14422014,0.0908931,0.22098416
85,1.0,1.0,1.0,1.0,1.0,0.0,0.26055008,0.12167557,0.16082352,0.14791706,0.10126813,0.20776567
86,1.0,1.0,1.0,1.0,1.0,1.0,0.20532021,0.11267389,0.2054629,0.16600181,0.11219444,0.19834673
87,1.0,1.0,0.0,1.0,1.0,1.0,0.22647312,0.12121901,0.15439503,0.15279417,0.117598504,0.22752024
88,1.0,1.0,1.0,1.0,1.0,1.0,0.19986725,0.13345186,0.18815215,0.15914075,0.117816366,0.20157164
89,1.0,1.0,0.0,0.0,1.0,0.0,0.4818239,0.14100213,0.07676485,0.070640475,0.074341975,0.15542656
90,1.0,1.0,0.0,1.0,1.0,1.0,0.18209486,0.14102434,0.1067495,0.15294583,0.2002787,0.21690677
91,1.0,1.0,1.0,1.0,1.0,1.0,0.18318689,0.11332477,0.17089166,0.17804503,0.12932697,0.22522469
92,0.0,1.0,0.0,0.0,0.0,0.0,0.23245384,0.14866924,0.1754002,0.13699514,0.11777816,0.18870345
93,0.0,0.0,0.0,0.0,0.0,0.0,0.20875122,0.17767438,0.12662518,0.16269101,0.16942163,0.15483652
94,1.0,1.0,1.0,1.0,1.0,0.0,0.17735547,0.121818185,0.20995042,0.17391631,0.121194705,0.19576484
95,0.0,0.0,0.0,0.0,0.0,0.0,0.17544073,0.12537986,0.16043334,0.17229734,0.20207994,0.16436876
96,1.0,1.0,1.0,1.0,1.0,1.0,0.1259265,0.1883436,0.25169304,0.16791576,0.13445917,0.13166189
97,0.0,0.0,1.0,0.0,0.0,1.0,0.13541201,0.19588284,0.24296388,0.15637664,0.1484877,0.12087698
98,0.0,0.0,0.0,0.0,0.0,0.0,0.177235,0.19143616,0.1570718,0.1739986,0.15861273,0.14164573
99,1.0,1.0,0.0,0.0,1.0,0.0,0.25610882,0.08760605,0.07262846,0.1363215,0.15763861,0.28969657
100,0.0,0.0,0.0,0.0,0.0,0.0,0.18447445,0.16808078,0.1400105,0.14860934,0.21171302,0.14711183
101,1.0,1.0,1.0,1.0,1.0,1.0,0.22462194,0.13275683,0.19534159,0.14343199,0.10849746,0.19535024
102,0.0,0.0,0.0,0.0,0.0,0.0,0.16213934,0.18856642,0.14147921,0.17328134,0.22615404,0.108379714
103,0.0,1.0,0.0,0.0,1.0,1.0,0.26300958,0.09558721,0.067165256,0.10315855,0.16080934,0.3102701
104,1.0,1.0,0.0,0.0,0.0,0.0,0.4288084,0.13968113,0.060883477,0.08902472,0.10573318,0.17586912
105,0.0,0.0,0.0,0.0,0.0,0.0,0.16250001,0.1482292,0.14771569,0.16188678,0.22273433,0.15693404
106,1.0,1.0,1.0,1.0,1.0,1.0,0.23398575,0.09956311,0.19527066,0.16328537,0.11177965,0.19611548
107,1.0,1.0,0.0,0.0,1.0,0.0,0.34278828,0.10874684,0.08728749,0.110346384,0.11253466,0.23829637
108,0.0,0.0,0.0,0.0,0.0,0.0,0.17503245,0.16988404,0.16627866,0.17972963,0.15255474,0.15652049
109,1.0,1.0,1.0,1.0,1.0,1.0,0.1898164,0.11819585,0.20062341,0.15250212,0.12327218,0.21559012
110,0.0,1.0,1.0,1.0,1.0,0.0,0.21455021,0.11072464,0.20785116,0.16545567,0.114943676,0.18647468
111,0.0,0.0,0.0,0.0,0.0,0.0,0.16542092,0.1741319,0.15752596,0.16243356,0.18342839,0.15705928
112,1.0,1.0,1.0,1.0,1.0,0.0,0.19916312,0.10685313,0.1959477,0.16620797,0.11470335,0.21712469
113,1.0,1.0,1.0,1.0,1.0,1.0,0.17677674,0.14823407,0.19581665,0.17499647,0.12369871,0.18047743
114,0.0,0.0,0.0,0.0,0.0,0.0,0.19490115,0.155649,0.13885225,0.1540358,0.18854058,0.16802122
115,1.0,1.0,0.0,0.0,0.0,0.0,0.4803859,0.13832016,0.06739627,0.051031075,0.08039122,0.18247542
116,0.0,0.0,1.0,0.0,0.0,0.0,0.15330519,0.19228879,0.18285838,0.15060148,0.17728618,0.14366
117,0.0,0.0,0.0,0.0,0.0,0.0,0.16555698,0.17000574,0.141375,0.1716537,0.19566497,0.15574363
118,1.0,1.0,1.0,1.0,1.0,1.0,0.24134712,0.11652551,0.1745364,0.15108943,0.11376764,0.20273386
119,0.0,0.0,0.0,0.0,0.0,0.0,0.15872616,0.186787,0.15408283,0.16482125,0.19903685,0.13654599
120,0.0,0.0,0.0,0.0,0.0,0.0,0.16617872,0.16986963,0.15948297,0.16589299,0.17499569,0.16358007
121,0.0,0.0,0.0,0.0,0.0,0.0,0.16394038,0.13417977,0.11993998,0.17487954,0.24998501,0.1570753
122,1.0,1.0,1.0,1.0,1.0,1.0,0.27370197,0.12837924,0.17075771,0.12728651,0.07564186,0.22423275
123,0.0,0.0,0.0,0.0,0.0,0.0,0.19762051,0.13180968,0.14428842,0.15574208,0.21297525,0.15756401
124,1.0,1.0,0.0,0.0,1.0,0.0,0.31885946,0.118210874,0.13501115,0.1239148,0.090688,0.21331573
125,1.0,1.0,0.0,0.0,1.0,1.0,0.2882457,0.084046595,0.058570288,0.09761846,0.13645121,0.33506772
126,1.0,1.0,0.0,0.0,1.0,1.0,0.174053,0.11743418,0.11715774,0.16721919,0.21347287,0.21066305
127,1.0,1.0,1.0,0.0,0.0,0.0,0.20265381,0.12143665,0.19350901,0.17263801,0.11863395,0.19112858
128,1.0,1.0,0.0,1.0,1.0,0.0,0.31341362,0.1153264,0.15064894,0.116138004,0.059852384,0.24462077
129,0.0,0.0,0.0,0.0,0.0,0.0,0.1751705,0.17968926,0.13091905,0.15460737,0.21925248,0.14036134
130,0.0,0.0,0.0,0.0,0.0,0.0,0.18900812,0.17002164,0.16039766,0.16124566,0.15679473,0.16253223
131,1.0,1.0,0.0,0.0,0.0,0.0,0.27772778,0.14758398,0.10159755,0.11772152,0.16412088,0.19124831
132,1.0,1.0,1.0,1.0,1.0,0.0,0.16401051,0.16094805,0.22586137,0.16266601,0.13253208,0.15398197
133,1.0,1.0,0.0,0.0,0.0,0.0,0.36961353,0.12446516,0.12266667,0.10280492,0.042347066,0.23810272
134,0.0,0.0,0.0,0.0,0.0,0.0,0.20168172,0.17928898,0.15285434,0.17562523,0.13564257,0.15490718
135,0.0,0.0,0.0,0.0,0.0,0.0,0.19008571,0.16508761,0.13955621,0.17511041,0.17349245,0.15666765
136,1.0,1.0,1.0,0.0,0.0,1.0,0.24814686,0.12962386,0.13547418,0.1508491,0.118172914,0.21773309
137,1.0,1.0,0.0,0.0,1.0,0.0,0.43539825,0.13528688,0.07334471,0.092688106,0.092166685,0.17111543
138,1.0,1.0,1.0,1.0,1.0,1.0,0.23487824,0.14344038,0.21412724,0.13640922,0.100102164,0.17104273
139,0.0,0.0,0.0,0.0,0.0,0.0,0.19395848,0.17725001,0.14792709,0.15605596,0.17313027,0.15167822
140,0.0,1.0,1.0,1.0,1.0,1.0,0.13194115,0.17906563,0.25631356,0.16115746,0.1326342,0.13888802
141,0.0,0.0,0.0,0.0,0.0,0.0,0.16193272,0.18347265,0.22252385,0.15025096,0.14514557,0.1366743
142,1.0,1.0,1.0,1.0,1.0,1.0,0.21403053,0.13322642,0.20532574,0.15624201,0.10258022,0.188595
143,1.0,1.0,1.0,0.0,1.0,0.0,0.28689688,0.13446373,0.15444025,0.12659924,0.073007144,0.22459273
144,1.0,1.0,1.0,1.0,1.0,1.0,0.18331966,0.12473828,0.21634494,0.16230048,0.12468837,0.18860829
145,1.0,1.0,0.0,0.0,1.0,0.0,0.2635853,0.096009225,0.083092496,0.110970825,0.14876051,0.2975817
146,0.0,0.0,1.0,0.0,0.0,0.0,0.15272251,0.18506385,0.22759984,0.16537681,0.105199724,0.16403732
147,1.0,1.0,1.0,1.0,1.0,1.0,0.20283638,0.09719964,0.17856838,0.17363343,0.12086026,0.22690192
148,0.0,1.0,1.0,1.0,1.0,0.0,0.14699085,0.16688597,0.22120309,0.16118123,0.14759956,0.15613931
149,1.0,1.0,0.0,0.0,0.0,0.0,0.38690713,0.16533603,0.101823196,0.095153265,0.06371825,0.18706208
150,1.0,1.0,1.0,1.0,1.0,1.0,0.20649815,0.1087046,0.17553613,0.17246811,0.11370186,0.22309117
151,1.0,1.0,1.0,1.0,1.0,1.0,0.13482282,0.1305559,0.16527255,0.20444992,0.1536671,0.2112317
152,1.0,1.0,1.0,1.0,1.0,0.0,0.21804516,0.13730927,0.20185718,0.14359438,0.10671373,0.19248033
153,1.0,1.0,1.0,0.0,0.0,0.0,0.23790441,0.12875219,0.18274805,0.1625567,0.10373403,0.18430455
154,0.0,0.0,0.0,0.0,0.0,0.0,0.17130756,0.1492494,0.16142534,0.16178267,0.20200847,0.15422656
155,1.0,1.0,1.0,1.0,1.0,1.0,0.22415514,0.13233808,0.1525562,0.15557103,0.11866463,0.2167149
156,0.0,0.0,0.0,0.0,0.0,0.0,0.12773603,0.22038485,0.22403064,0.14953572,0.1311519,0.14716086
157,1.0,1.0,1.0,1.0,1.0,0.0,0.2331885,0.139753,0.1740186,0.15842523,0.100103855,0.19451083
158,0.0,0.0,0.0,0.0,0.0,0.0,0.16363332,0.16426013,0.14968383,0.15616196,0.20201875,0.16424203
159,1.0,1.0,1.0,1.0,1.0,1.0,0.2056176,0.12810709,0.18320434,0.16278936,0.119589895,0.20069163
160,0.0,0.0,0.0,0.0,0.0,0.0,0.17237571,0.186871,0.1438344,0.16481996,0.21322994,0.11886899
161,1.0,1.0,1.0,1.0,0.0,0.0,0.21892582,0.10776259,0.19324496,0.16319159,0.11697018,0.19990489
162,0.0,1.0,1.0,1.0,0.0,1.0,0.13791774,0.19873156,0.23309632,0.14690536,0.1295574,0.15379167
163,1.0,1.0,1.0,1.0,1.0,1.0,0.27336052,0.12809564,0.15394644,0.12731619,0.10098386,0.21629731
164,0.0,0.0,0.0,0.0,0.0,0.0,0.20270298,0.16139656,0.1317184,0.15110937,0.21597104,0.13710165
165,0.0,0.0,0.0,0.0,0.0,0.0,0.18166973,0.18597871,0.1471349,0.14492097,0.20266867,0.137627
166,1.0,1.0,1.0,1.0,1.0,1.0,0.20830221,0.11608881,0.17231084,0.17410657,0.12329102,0.20590056
167,1.0,1.0,0.0,0.0,0.0,0.0,0.35787934,0.12758113,0.06866275,0.10839943,0.123532146,0.21394528
168,0.0,0.0,0.0,0.0,0.0,0.0,0.1931344,0.19422622,0.16064379,0.16795006,0.1408863,0.14315929
169,1.0,1.0,0.0,0.0,1.0,0.0,0.29363996,0.08949002,0.09411979,0.105433725,0.12722006,0.29009637
170,0.0,1.0,1.0,1.0,0.0,1.0,0.116348155,0.20725937,0.24227484,0.15115103,0.15255623,0.13041045
171,1.0,1.0,0.0,0.0,1.0,0.0,0.35012278,0.12242168,0.11343686,0.102480195,0.080950685,0.23058781
172,1.0,1.0,0.0,1.0,1.0,0.0,0.26492313,0.12552382,0.17984346,0.13170257,0.09277108,0.20523593
173,1.0,1.0,1.0,1.0,0.0,0.0,0.16727108,0.18955486,0.20964952,0.13112584,0.16532215,0.13707651
174,1.0,1.0,1.0,1.0,0.0,1.0,0.14063166,0.20108876,0.25507972,0.13699457,0.12897766,0.13722762
175,0.0,0.0,0.0,0.0,0.0,0.0,0.19493341,0.17968567,0.14872804,0.14374208,0.17355016,0.15936068
176,1.0,1.0,1.0,1.0,1.0,0.0,0.22658207,0.13863876,0.19506188,0.14050873,0.0920749,0.20713371
177,1.0,1.0,0.0,0.0,1.0,0.0,0.18134446,0.10185055,0.09154571,0.1504806,0.22102956,0.25374913
178,0.0,0.0,0.0,0.0,0.0,0.0,0.18563907,0.16373563,0.2050002,0.16422981,0.14562392,0.13577142
179,0.0,0.0,0.0,0.0,0.0,0.0,0.14348443,0.17918369,0.12692532,0.17117201,0.23796132,0.14127332
180,0.0,0.0,0.0,0.0,0.0,0.0,0.16157486,0.18151377,0.12434564,0.15962125,0.24213694,0.13080761
181,1.0,1.0,1.0,1.0,1.0,1.0,0.20618828,0.11166652,0.19379917,0.17160168,0.113263994,0.20348045
182,0.0,0.0,0.0,0.0,0.0,0.0,0.16485891,0.14602043,0.16425072,0.17111981,0.20421189,0.14953828
183,1.0,1.0,0.0,0.0,1.0,0.0,0.2658463,0.1291226,0.17893963,0.13088866,0.09121335,0.20398945
184,1.0,1.0,1.0,1.0,1.0,1.0,0.24917716,0.14907897,0.18716164,0.12596378,0.094093055,0.19452538
185,1.0,1.0,0.0,0.0,1.0,0.0,0.47252804,0.15223552,0.060228884,0.0752312,0.06547557,0.17430082
186,1.0,1.0,1.0,1.0,1.0,1.0,0.21865632,0.120640025,0.17590821,0.15593025,0.11213084,0.21673436
187,1.0,1.0,1.0,1.0,1.0,1.0,0.23571612,0.12251157,0.18171398,0.15906681,0.1143298,0.18666172
188,1.0,1.0,1.0,1.0,1.0,0.0,0.20733035,0.11754031,0.19972764,0.16290882,0.11890508,0.19358782
189,0.0,0.0,0.0,0.0,0.0,0.0,0.16163385,0.18547341,0.16649114,0.17723367,0.17278616,0.13638185
190,1.0,1.0,1.0,1.0,1.0,1.0,0.2629517,0.119079866,0.15061067,0.14227402,0.09471342,0.23037033
191,0.0,0.0,0.0,0.0,0.0,0.0,0.16615586,0.15098965,0.19352199,0.16363907,0.1553034,0.17039008
192,0.0,1.0,1.0,1.0,1.0,1.0,0.14606215,0.18865302,0.22963724,0.15227707,0.14790952,0.13546097
193,1.0,1.0,1.0,1.0,1.0,1.0,0.19428675,0.10306414,0.18812779,0.17812832,0.12866718,0.20772585
194,1.0,1.0,0.0,0.0,1.0,0.0,0.18334998,0.13193595,0.15752974,0.1694575,0.17318396,0.18454286
195,0.0,0.0,0.0,1.0,1.0,1.0,0.16949332,0.16977444,0.17029266,0.14128816,0.1946746,0.15447687
196,1.0,1.0,1.0,1.0,1.0,0.0,0.1926382,0.11627373,0.18952514,0.17670673,0.12276873,0.20208739
197,1.0,1.0,1.0,1.0,1.0,0.0,0.13408345,0.16780998,0.22381233,0.17154674,0.14524911,0.15749837
198,1.0,1.0,0.0,1.0,1.0,0.0,0.16406,0.13789402,0.13396159,0.17332126,0.21420616,0.17655702
199,0.0,0.0,0.0,0.0,0.0,0.0,0.15445195,0.15803196,0.14004329,0.17142743,0.23595995,0.14008541
200,1.0,1.0,1.0,1.0,0.0,1.0,0.14058618,0.17210609,0.2323631,0.15360321,0.12719417,0.1741473
201,0.0,1.0,1.0,1.0,0.0,1.0,0.1560673,0.18823092,0.21429314,0.15029725,0.144417,0.14669442
202,1.0,1.0,1.0,1.0,1.0,0.0,0.24068746,0.13067932,0.16580349,0.14287752,0.09749795,0.22245425
203,1.0,1.0,0.0,1.0,1.0,0.0,0.24547744,0.12141417,0.1666108,0.13290921,0.11606466,0.2175237
204,1.0,1.0,1.0,1.0,1.0,1.0,0.23144677,0.11207195,0.16238587,0.16867357,0.11623929,0.20918259
205,1.0,1.0,1.0,1.0,1.0,1.0,0.18978406,0.13106507,0.1471903,0.16703452,0.1436817,0.2212443
206,1.0,1.0,1.0,1.0,1.0,1.0,0.14652038,0.19049303,0.25270885,0.14587529,0.13219243,0.13221009
207,1.0,1.0,1.0,1.0,1.0,1.0,0.2047305,0.11958223,0.18236287,0.16725999,0.11169168,0.21437277
208,1.0,1.0,1.0,1.0,1.0,1.0,0.3158187,0.12160024,0.13840939,0.12215737,0.06388882,0.23812541
209,1.0,1.0,1.0,1.0,1.0,1.0,0.18258598,0.11568626,0.18236326,0.17227094,0.12490233,0.22219124
210,1.0,1.0,1.0,1.0,1.0,0.0,0.27230608,0.13742617,0.16078666,0.14352399,0.07922172,0.20673537
211,1.0,1.0,1.0,1.0,1.0,1.0,0.20612267,0.12153901,0.20741622,0.16124132,0.115472406,0.18820843
212,1.0,1.0,1.0,1.0,1.0,1.0,0.21056643,0.12615824,0.20443161,0.16959237,0.106572695,0.18267864
213,1.0,1.0,1.0,0.0,0.0,0.0,0.28223208,0.13967714,0.14495651,0.13860202,0.114074074,0.1804582
214,1.0,1.0,1.0,1.0,1.0,1.0,0.22874242,0.11397337,0.17797826,0.15610571,0.089487635,0.23371264
215,1.0,1.0,0.0,0.0,0.0,0.0,0.43133748,0.12504688,0.060810164,0.0968264,0.10589302,0.18008612
216,0.0,0.0,0.0,0.0,0.0,0.0,0.17940064,0.17585951,0.11620162,0.14531043,0.24560586,0.13762197
217,1.0,1.0,1.0,0.0,0.0,0.0,0.245069,0.12000565,0.1713625,0.14610155,0.08879739,0.22866395
218,1.0,1.0,1.0,1.0,1.0,1.0,0.17592262,0.1274602,0.18563703,0.17573337,0.12457863,0.2106682
219,0.0,1.0,0.0,1.0,1.0,0.0,0.18486065,0.18835,0.14194848,0.13174687,0.20716366,0.1459303
220,1.0,1.0,1.0,1.0,1.0,1.0,0.21276121,0.11202911,0.19996694,0.16268553,0.11695095,0.1956063
221,1.0,1.0,1.0,0.0,1.0,1.0,0.2532456,0.13769254,0.16933526,0.14541386,0.10740469,0.186908
222,0.0,0.0,0.0,0.0,0.0,0.0,0.35650182,0.11499706,0.081308976,0.100875445,0.11399804,0.23231865
223,1.0,1.0,1.0,1.0,1.0,0.0,0.20051628,0.12320847,0.17241567,0.16232413,0.120700434,0.220835
224,1.0,1.0,1.0,1.0,1.0,1.0,0.21764185,0.110593416,0.19831339,0.15253156,0.105628856,0.21529095
225,0.0,1.0,1.0,1.0,1.0,1.0,0.13035242,0.18285638,0.24887314,0.15598394,0.1370709,0.14486328
226,1.0,1.0,1.0,1.0,1.0,1.0,0.16000378,0.15913333,0.1986221,0.17710197,0.13792948,0.16720937
227,1.0,1.0,1.0,1.0,1.0,1.0,0.1401617,0.1900554,0.2218368,0.15939374,0.13693203,0.15162031
228,1.0,1.0,0.0,0.0,1.0,0.0,0.3691937,0.1339419,0.08755469,0.09781483,0.09456071,0.21693408
229,0.0,0.0,0.0,0.0,0.0,0.0,0.17637655,0.17268933,0.14361666,0.14649631,0.2020912,0.15872993
230,0.0,1.0,1.0,1.0,0.0,1.0,0.18786629,0.12192883,0.19566306,0.15577474,0.11464358,0.22412354
231,1.0,1.0,1.0,1.0,1.0,1.0,0.2488277,0.109849714,0.16770785,0.14648278,0.1036066,0.22352543
232,1.0,1.0,1.0,1.0,0.0,1.0,0.19685556,0.152493,0.20253295,0.15746726,0.1097051,0.18094611
233,1.0,1.0,1.0,1.0,1.0,0.0,0.31064594,0.118734166,0.14340205,0.13382117,0.04630811,0.24708852
234,0.0,0.0,0.0,0.0,0.0,0.0,0.15948664,0.16072647,0.13522391,0.16092825,0.24601236,0.13762239
235,0.0,0.0,0.0,0.0,0.0,0.0,0.18702058,0.1770543,0.1406443,0.15574287,0.21637386,0.12316412
236,0.0,0.0,0.0,0.0,0.0,0.0,0.18320328,0.17500222,0.14174803,0.14511135,0.22253925,0.13239582
237,0.0,0.0,0.0,0.0,0.0,0.0,0.12742308,0.1994606,0.21679199,0.15748432,0.14080639,0.15803367
238,1.0,1.0,1.0,1.0,1.0,0.0,0.19083284,0.12145228,0.20630448,0.16170746,0.120060645,0.19964229
239,0.0,0.0,0.0,0.0,1.0,0.0,0.16892777,0.14065535,0.16571462,0.18232495,0.17806791,0.16430937
240,1.0,1.0,1.0,1.0,1.0,1.0,0.21535496,0.12740837,0.16540892,0.15896839,0.11939152,0.21346784
241,0.0,0.0,0.0,0.0,0.0,0.0,0.30452457,0.13235171,0.121839814,0.1368524,0.057936627,0.24649489
242,1.0,0.0,0.0,0.0,0.0,0.0,0.28322908,0.13222985,0.1067976,0.12807944,0.15362039,0.19604358
243,1.0,1.0,1.0,1.0,1.0,1.0,0.22647312,0.12121901,0.15439503,0.15279417,0.117598504,0.22752024
244,1.0,1.0,0.0,0.0,0.0,0.0,0.33549246,0.13034496,0.071674794,0.10698976,0.14880152,0.20669654
245,1.0,1.0,1.0,1.0,1.0,1.0,0.17841248,0.12307794,0.21007589,0.15752536,0.1270533,0.20385501
246,1.0,1.0,1.0,1.0,0.0,1.0,0.13567832,0.13770728,0.22715518,0.17926429,0.14456473,0.1756302
247,0.0,1.0,1.0,1.0,0.0,1.0,0.13491242,0.19000751,0.2674806,0.14484431,0.13445073,0.12830436
248,0.0,0.0,0.0,0.0,0.0,0.0,0.1829687,0.1744551,0.14106767,0.16085468,0.19795798,0.14269587
249,1.0,1.0,1.0,1.0,1.0,1.0,0.14104411,0.11858411,0.14058335,0.1867444,0.21023133,0.20281266
250,1.0,1.0,0.0,1.0,1.0,1.0,0.16243787,0.13391826,0.13248535,0.17073692,0.20431203,0.19610961
251,0.0,0.0,0.0,1.0,1.0,0.0,0.22435355,0.16578007,0.11423792,0.13814335,0.19902205,0.15846296
252,1.0,1.0,0.0,0.0,0.0,0.0,0.27179584,0.13794968,0.15918258,0.12125327,0.10536202,0.20445651
253,1.0,1.0,1.0,1.0,1.0,0.0,0.21121426,0.1324437,0.20263085,0.15500253,0.101026386,0.19768235
254,1.0,1.0,1.0,1.0,1.0,1.0,0.11680785,0.21270089,0.25707263,0.14089192,0.14648454,0.12604219
255,0.0,0.0,1.0,1.0,0.0,1.0,0.1359905,0.19052127,0.2522458,0.1589792,0.13692836,0.12533492
256,1.0,1.0,1.0,1.0,1.0,1.0,0.12873082,0.17659819,0.2477476,0.15784657,0.14614256,0.14293431
257,0.0,1.0,1.0,1.0,1.0,1.0,0.13517867,0.14778924,0.25943437,0.16661915,0.12953694,0.16144168
258,1.0,1.0,0.0,0.0,1.0,0.0,0.30818814,0.1291238,0.09818944,0.11120985,0.11250391,0.24078485
259,1.0,1.0,1.0,1.0,1.0,1.0,0.16510595,0.11768254,0.13974945,0.17398176,0.19066681,0.21281351
260,0.0,0.0,0.0,0.0,1.0,0.0,0.17246872,0.13269077,0.16022037,0.1756827,0.17624094,0.18269655
261,1.0,1.0,0.0,0.0,1.0,0.0,0.33976915,0.12208989,0.11644097,0.10949904,0.071111485,0.24108948
262,1.0,1.0,0.0,0.0,1.0,0.0,0.28383753,0.08829909,0.06624161,0.119826265,0.1757255,0.2660701
263,1.0,1.0,0.0,0.0,1.0,0.0,0.39956164,0.13496716,0.06975339,0.085470445,0.11895053,0.19129682
264,1.0,1.0,0.0,1.0,1.0,1.0,0.17426407,0.09814222,0.19485834,0.18080245,0.13397177,0.2179612
265,0.0,0.0,0.0,0.0,0.0,0.0,0.17374799,0.15536152,0.14030962,0.14093666,0.23827988,0.15136439
266,0.0,0.0,0.0,0.0,0.0,0.0,0.17645368,0.18814665,0.14408271,0.17911063,0.1982695,0.11393683
267,1.0,1.0,0.0,0.0,1.0,0.0,0.34009004,0.11347593,0.13385518,0.1045742,0.07987813,0.22812657
268,1.0,1.0,1.0,1.0,1.0,0.0,0.23601587,0.1135073,0.15244225,0.17355192,0.11963563,0.20484704
269,1.0,1.0,1.0,1.0,1.0,0.0,0.23915018,0.11153123,0.17843053,0.14866248,0.117865436,0.20436013
270,0.0,0.0,0.0,0.0,0.0,0.0,0.16217418,0.15427564,0.1398454,0.13340905,0.26737624,0.14291948
271,0.0,0.0,0.0,0.0,0.0,0.0,0.16622148,0.16375577,0.12696052,0.17748295,0.20866454,0.1569147
272,1.0,1.0,1.0,1.0,1.0,0.0,0.21706091,0.12030836,0.1813347,0.16534136,0.11369881,0.20225587
273,1.0,1.0,1.0,1.0,1.0,0.0,0.19257604,0.110585585,0.18866092,0.16024283,0.12599334,0.22194123
274,1.0,1.0,1.0,1.0,1.0,0.0,0.1728874,0.110399604,0.19579819,0.18184674,0.11905135,0.22001664
275,0.0,0.0,0.0,0.0,0.0,0.0,0.17099315,0.17338537,0.13863555,0.16548294,0.20752619,0.14397688
276,1.0,1.0,1.0,1.0,1.0,1.0,0.21744512,0.11611904,0.17297256,0.15333332,0.107974984,0.23215501
277,1.0,1.0,0.0,0.0,1.0,0.0,0.3958671,0.13721654,0.07937033,0.097413555,0.094315164,0.1958173
278,1.0,1.0,1.0,0.0,1.0,0.0,0.26109597,0.12578523,0.17614023,0.15333717,0.10117828,0.18246315
279,1.0,1.0,1.0,1.0,0.0,0.0,0.19940053,0.11514278,0.16632709,0.18643993,0.12374197,0.20894764
280,0.0,0.0,1.0,0.0,0.0,0.0,0.14015177,0.17713988,0.21107833,0.17717592,0.13734545,0.1571087
281,1.0,1.0,0.0,0.0,1.0,0.0,0.43246076,0.1460439,0.06569219,0.07521121,0.07836987,0.20222206
282,0.0,0.0,0.0,0.0,0.0,0.0,0.17228661,0.17883718,0.1385923,0.16860092,0.22315343,0.118529566
283,0.0,0.0,0.0,0.0,0.0,0.0,0.17744564,0.15374066,0.1512571,0.15149835,0.19694026,0.16911805
284,1.0,1.0,0.0,1.0,1.0,0.0,0.17245145,0.12977582,0.1308831,0.15111007,0.19947413,0.21630551
285,1.0,1.0,0.0,0.0,1.0,0.0,0.36272252,0.11987441,0.08264282,0.13266899,0.07299484,0.22909646
286,0.0,0.0,0.0,0.0,0.0,0.0,0.1630355,0.15738742,0.14242797,0.17648616,0.21401672,0.1466462
287,0.0,0.0,0.0,0.0,1.0,0.0,0.15429664,0.14663562,0.14026937,0.17517315,0.24378246,0.1398427
288,0.0,0.0,0.0,0.0,0.0,0.0,0.1612316,0.17489503,0.13481463,0.1608061,0.23062791,0.13762464
289,1.0,1.0,0.0,0.0,1.0,0.0,0.3156118,0.12770244,0.10693078,0.15794373,0.074734926,0.21707629
290,1.0,1.0,0.0,0.0,0.0,0.0,0.3930024,0.12436945,0.086753674,0.09060655,0.065115385,0.24015251
291,1.0,1.0,1.0,1.0,1.0,1.0,0.2063045,0.110847935,0.19525263,0.15824674,0.11933915,0.21000907
292,1.0,1.0,0.0,0.0,1.0,0.0,0.22206317,0.114956476,0.09153204,0.14744921,0.16650808,0.25749102
293,0.0,0.0,0.0,0.0,0.0,0.0,0.14809935,0.18469922,0.22748187,0.15497856,0.14119238,0.14354862
294,0.0,0.0,0.0,0.0,0.0,0.0,0.15478806,0.16841117,0.17409304,0.17642818,0.15496846,0.17131113
295,0.0,0.0,0.0,0.0,0.0,0.0,0.16695657,0.16232264,0.14412689,0.17138267,0.21279766,0.14241363
296,0.0,0.0,0.0,1.0,1.0,0.0,0.15596698,0.15458618,0.14672002,0.17285231,0.23997314,0.12990144
297,0.0,1.0,1.0,1.0,0.0,1.0,0.12937692,0.22596557,0.23345013,0.14340167,0.14222611,0.12557968
298,1.0,1.0,1.0,1.0,1.0,1.0,0.21831658,0.12144687,0.20790564,0.15551911,0.10971673,0.18709499
299,1.0,1.0,1.0,1.0,1.0,1.0,0.27059233,0.12399365,0.16429225,0.14273874,0.099358454,0.19902465
300,0.0,0.0,0.0,0.0,0.0,0.0,0.16173029,0.12442401,0.11880986,0.15287828,0.24042203,0.20173557
301,0.0,0.0,0.0,0.0,0.0,0.0,0.17051166,0.18226588,0.11133222,0.1536404,0.25202417,0.13022566
302,1.0,1.0,1.0,1.0,1.0,0.0,0.251233,0.13469905,0.15064287,0.15528403,0.109228455,0.19891259
303,0.0,0.0,0.0,0.0,0.0,0.0,0.15565981,0.17341144,0.1517112,0.1607748,0.21175411,0.14668861
304,0.0,0.0,0.0,0.0,0.0,0.0,0.18756987,0.159129,0.13622156,0.1605564,0.21032251,0.14620061
305,1.0,1.0,1.0,0.0,0.0,0.0,0.24244478,0.1295074,0.16738929,0.14754198,0.11411122,0.19900523
306,1.0,1.0,0.0,0.0,0.0,0.0,0.44417846,0.14352365,0.061593127,0.07628727,0.093788505,0.18062904
307,1.0,1.0,0.0,0.0,0.0,0.0,0.4321488,0.14775935,0.06689672,0.09942122,0.08925378,0.16452008
308,0.0,0.0,0.0,0.0,0.0,0.0,0.14676148,0.1513998,0.1666284,0.17992404,0.2140545,0.14123176
309,1.0,1.0,1.0,1.0,1.0,0.0,0.26500025,0.13239893,0.17907122,0.12659132,0.0708473,0.22609106
310,1.0,1.0,1.0,1.0,0.0,0.0,0.2632047,0.13441141,0.17486338,0.1359082,0.06984455,0.22176784
311,1.0,1.0,0.0,0.0,1.0,0.0,0.29401797,0.0748266,0.05876078,0.104658805,0.12732014,0.3404157
312,1.0,1.0,0.0,0.0,0.0,0.0,0.36745,0.13826121,0.10647075,0.10489937,0.05571995,0.22719875
313,0.0,0.0,0.0,0.0,0.0,0.0,0.18240955,0.17888029,0.14596918,0.16904338,0.18188454,0.14181313
314,1.0,1.0,1.0,0.0,1.0,0.0,0.24630886,0.12983876,0.18194772,0.14050768,0.09096006,0.21043688
315,0.0,0.0,0.0,0.0,0.0,0.0,0.17246872,0.13269077,0.16022037,0.1756827,0.17624094,0.18269655
316,1.0,1.0,1.0,1.0,1.0,1.0,0.19735828,0.10607485,0.15026578,0.1972546,0.13399287,0.21505357
317,1.0,1.0,0.0,0.0,1.0,0.0,0.4825369,0.13612853,0.08242251,0.06672287,0.04864273,0.18354653
318,0.0,1.0,1.0,1.0,1.0,1.0,0.12795149,0.19788375,0.2628497,0.14555256,0.13305299,0.13270944
319,1.0,1.0,0.0,0.0,0.0,0.0,0.34337923,0.124500625,0.122140184,0.121412404,0.044809442,0.2437581
320,1.0,1.0,0.0,0.0,1.0,0.0,0.38310006,0.14044304,0.064271644,0.1028296,0.121566355,0.18778934
321,0.0,0.0,0.0,1.0,1.0,0.0,0.16708471,0.16892476,0.2196436,0.15536216,0.13648285,0.15250191
322,1.0,1.0,1.0,0.0,1.0,0.0,0.27276376,0.12399126,0.17061426,0.15387489,0.09836695,0.18038893
323,1.0,1.0,1.0,1.0,1.0,1.0,0.21307215,0.11574182,0.18609554,0.1596665,0.11059983,0.21482421
324,0.0,0.0,0.0,0.0,0.0,0.0,0.15706499,0.17134973,0.12543178,0.15977365,0.24273677,0.14364314
325,1.0,1.0,0.0,0.0,1.0,0.0,0.3591222,0.11838477,0.0889057,0.11472254,0.10938124,0.20948356
326,1.0,1.0,1.0,1.0,1.0,0.0,0.19981496,0.13107482,0.18415436,0.16010025,0.11802992,0.20682573
327,0.0,0.0,0.0,0.0,0.0,0.0,0.18040173,0.17874022,0.14165428,0.13686857,0.22146522,0.14086995
328,1.0,1.0,1.0,1.0,0.0,1.0,0.28664914,0.14556189,0.13924457,0.13451743,0.10262712,0.19139992
329,1.0,1.0,1.0,1.0,1.0,0.0,0.21446842,0.12884185,0.18907154,0.16120537,0.11823367,0.1881792
330,0.0,0.0,0.0,0.0,0.0,0.0,0.15638526,0.17924131,0.19197553,0.15208025,0.19330974,0.12700796
331,0.0,0.0,0.0,0.0,0.0,0.0,0.17908439,0.14557037,0.1585481,0.16358317,0.18175936,0.17145464
332,1.0,1.0,1.0,1.0,0.0,0.0,0.23700213,0.12941156,0.16920954,0.13493781,0.09665263,0.23278633
333,1.0,1.0,0.0,0.0,1.0,0.0,0.33959177,0.13694397,0.07629198,0.09810609,0.11304701,0.23601921
334,0.0,0.0,0.0,0.0,0.0,0.0,0.19454093,0.16324279,0.13237882,0.14949758,0.19670707,0.16363278
335,1.0,1.0,1.0,1.0,1.0,0.0,0.22952892,0.12597828,0.18398887,0.15742333,0.10781796,0.19526273
336,0.0,1.0,1.0,1.0,1.0,1.0,0.14401418,0.21019581,0.22324531,0.14110543,0.15108734,0.13035193
337,1.0,1.0,1.0,1.0,1.0,0.0,0.2399321,0.13090502,0.19365093,0.14663744,0.10214984,0.18672463
338,0.0,0.0,0.0,0.0,0.0,0.0,0.18314554,0.165438,0.1671776,0.14961702,0.18861645,0.14600538
339,0.0,0.0,0.0,0.0,0.0,0.0,0.15946914,0.17083295,0.14649384,0.17921726,0.18822995,0.15575689
340,1.0,1.0,1.0,1.0,0.0,1.0,0.18554519,0.14787424,0.19265048,0.17801628,0.12123191,0.17468195
341,1.0,1.0,1.0,0.0,1.0,0.0,0.2925441,0.13174495,0.16297859,0.1287485,0.060601603,0.22338225
342,0.0,0.0,0.0,0.0,0.0,0.0,0.18140703,0.17979853,0.16323335,0.15212433,0.17627804,0.14715882
343,0.0,0.0,0.0,0.0,0.0,0.0,0.17571059,0.1817635,0.16285223,0.15361322,0.1823173,0.14374319
344,0.0,1.0,0.0,1.0,1.0,0.0,0.15554547,0.19106573,0.22767884,0.1397453,0.15647306,0.12949164
345,0.0,0.0,0.0,0.0,0.0,0.0,0.18486667,0.17434181,0.12776709,0.15051152,0.23623289,0.12628004
346,1.0,1.0,0.0,0.0,0.0,0.0,0.30318657,0.11497419,0.12582226,0.12308044,0.11076672,0.22216985
347,0.0,0.0,0.0,0.0,0.0,0.0,0.17067914,0.17973262,0.15354264,0.16201441,0.17076634,0.16326486
348,1.0,1.0,1.0,1.0,1.0,0.0,0.2246708,0.1435507,0.19806139,0.14728011,0.10500752,0.18142952
349,1.0,1.0,1.0,1.0,1.0,1.0,0.22945453,0.13797763,0.188777,0.15253802,0.09789629,0.1933565
350,1.0,1.0,0.0,0.0,1.0,0.0,0.32279804,0.13405636,0.14001536,0.11332755,0.055344243,0.23445849
351,0.0,0.0,0.0,0.0,0.0,0.0,0.17362683,0.16533892,0.15617055,0.1542156,0.20054787,0.15010026
352,1.0,0.0,0.0,0.0,1.0,0.0,0.25909835,0.105758645,0.11048915,0.16858669,0.14748274,0.20858446
353,0.0,0.0,0.0,0.0,0.0,0.0,0.21633004,0.18560608,0.13521452,0.153131,0.16170608,0.1480123
354,1.0,1.0,0.0,1.0,1.0,0.0,0.17022079,0.12195844,0.10954899,0.16037026,0.22323322,0.21466824
355,1.0,1.0,0.0,0.0,1.0,0.0,0.20950356,0.1186554,0.14622183,0.16350208,0.15391666,0.2082005
356,1.0,1.0,1.0,0.0,1.0,0.0,0.30440965,0.11782608,0.16051689,0.14690593,0.071973324,0.19836816
357,0.0,0.0,0.0,0.0,0.0,0.0,0.16415665,0.19022915,0.12471479,0.15169078,0.22157994,0.14762871
358,0.0,0.0,0.0,0.0,0.0,0.0,0.19284074,0.15478979,0.16937158,0.15537284,0.16974245,0.15788257
359,0.0,0.0,0.0,0.0,0.0,0.0,0.15937392,0.16688316,0.12271751,0.17668504,0.2293441,0.14499627
360,0.0,1.0,0.0,0.0,0.0,0.0,0.3456867,0.11872753,0.09732244,0.12927018,0.08582729,0.22316583
361,1.0,1.0,1.0,1.0,1.0,1.0,0.2350454,0.11151772,0.17308539,0.16543119,0.12023846,0.19468182
362,1.0,1.0,0.0,0.0,1.0,0.0,0.27320933,0.12027953,0.15663703,0.1413177,0.09610517,0.21245126
363,1.0,1.0,1.0,1.0,1.0,1.0,0.13427873,0.16640817,0.22779062,0.16706114,0.14732052,0.15714085
364,0.0,1.0,1.0,1.0,1.0,1.0,0.12486181,0.18175562,0.25899667,0.14712864,0.15162423,0.135633
365,1.0,1.0,1.0,1.0,1.0,0.0,0.20383257,0.12751734,0.20022587,0.16990875,0.116509296,0.18200617
366,0.0,0.0,1.0,0.0,0.0,0.0,0.14924434,0.17155902,0.22186089,0.16574857,0.14560284,0.1459844
367,1.0,1.0,1.0,1.0,1.0,0.0,0.23147452,0.10257851,0.18132311,0.15543047,0.11260548,0.21658799
368,1.0,1.0,0.0,0.0,0.0,0.0,0.40508214,0.1142537,0.089314595,0.09894409,0.07553189,0.21687353
369,0.0,0.0,0.0,0.0,0.0,0.0,0.18449047,0.15357015,0.13234831,0.13162805,0.26179862,0.1361644
370,0.0,0.0,0.0,0.0,0.0,0.0,0.20643784,0.13754709,0.14436153,0.16980326,0.17568876,0.16616148
371,1.0,0.0,0.0,0.0,0.0,0.0,0.3970396,0.10345449,0.09603762,0.10741244,0.095826484,0.20022936
372,1.0,1.0,1.0,1.0,1.0,1.0,0.32358173,0.12532015,0.14038236,0.107514225,0.056567416,0.24663419
373,1.0,1.0,0.0,0.0,0.0,0.0,0.40837717,0.14270742,0.072938524,0.08538479,0.09219407,0.19839807
374,0.0,0.0,0.0,0.0,0.0,0.0,0.27714702,0.11311676,0.13724019,0.14024153,0.10030391,0.23195066
375,0.0,0.0,0.0,0.0,0.0,0.0,0.1749238,0.14837746,0.12287269,0.1676128,0.2234793,0.162734
376,1.0,1.0,1.0,1.0,1.0,1.0,0.20207047,0.10033095,0.16855611,0.18061008,0.13171886,0.2167136
377,0.0,1.0,1.0,0.0,0.0,1.0,0.13715276,0.20423461,0.2526257,0.13908996,0.12001633,0.14688061
378,0.0,0.0,0.0,0.0,0.0,0.0,0.16825218,0.19967368,0.1465865,0.15624231,0.18973053,0.13951483
379,1.0,1.0,0.0,0.0,1.0,0.0,0.24738571,0.115582146,0.18295224,0.15325098,0.10928736,0.19154161
380,1.0,1.0,0.0,0.0,1.0,0.0,0.41165864,0.12041451,0.07309837,0.08476618,0.084425636,0.22563666
381,1.0,1.0,1.0,1.0,1.0,1.0,0.12032151,0.16351195,0.25973222,0.17327906,0.14276038,0.14039491
382,0.0,0.0,0.0,0.0,0.0,0.0,0.17288634,0.15874371,0.14881058,0.1604035,0.20291859,0.1562372
383,0.0,1.0,1.0,1.0,1.0,1.0,0.124440424,0.2083672,0.24721919,0.1588616,0.131381,0.12973061
384,1.0,1.0,0.0,0.0,0.0,0.0,0.33156064,0.10135238,0.1263753,0.09948477,0.061978806,0.27924812
385,1.0,1.0,1.0,1.0,1.0,1.0,0.1380327,0.18970431,0.27859983,0.14751312,0.11642175,0.12972832
386,1.0,1.0,1.0,1.0,1.0,1.0,0.14919925,0.12929928,0.17015146,0.1804261,0.1762711,0.19465289
387,1.0,1.0,1.0,1.0,1.0,1.0,0.14716142,0.1710479,0.2143923,0.16820088,0.14355797,0.15563954
388,0.0,0.0,1.0,1.0,0.0,0.0,0.13167568,0.20509431,0.277142,0.1261919,0.12088526,0.139011
389,1.0,1.0,1.0,1.0,1.0,0.0,0.21380658,0.116380624,0.18568099,0.15169182,0.12590882,0.2065312
390,1.0,1.0,0.0,0.0,0.0,0.0,0.28034452,0.12810622,0.15220737,0.1336848,0.06597447,0.23968266
391,0.0,0.0,0.0,0.0,0.0,0.0,0.19632994,0.1657927,0.15357792,0.14906207,0.15975946,0.17547789
392,1.0,1.0,0.0,0.0,1.0,0.0,0.3331571,0.1545423,0.10088898,0.104915954,0.09901442,0.20748125
393,0.0,0.0,0.0,0.0,0.0,0.0,0.2049804,0.14987837,0.14283614,0.17051423,0.18356128,0.14822958
394,0.0,0.0,0.0,0.0,0.0,0.0,0.16696477,0.15822715,0.15291457,0.15370962,0.23742397,0.13075995
395,1.0,1.0,0.0,0.0,0.0,0.0,0.3476548,0.14849009,0.07390776,0.10418722,0.12598574,0.19977443
396,1.0,1.0,1.0,1.0,1.0,1.0,0.23217101,0.10962924,0.17736909,0.16983293,0.11556974,0.195428
397,1.0,1.0,1.0,1.0,1.0,1.0,0.22621305,0.12498475,0.1788856,0.15827815,0.10675373,0.20488477
398,0.0,0.0,0.0,0.0,0.0,0.0,0.20113237,0.15336972,0.13317105,0.16375339,0.1741838,0.17438968
399,1.0,1.0,1.0,1.0,1.0,1.0,0.12877794,0.18787174,0.21720983,0.17356192,0.1386015,0.15397707
400,1.0,1.0,1.0,0.0,1.0,1.0,0.26966193,0.12879087,0.15657105,0.14525901,0.10201852,0.19769862
401,0.0,0.0,0.0,1.0,0.0,0.0,0.16346216,0.13877167,0.23381841,0.16022038,0.15089878,0.15282851
402,0.0,1.0,1.0,1.0,1.0,1.0,0.16123804,0.12488728,0.14971931,0.1843166,0.18398757,0.19585119
403,0.0,0.0,0.0,0.0,0.0,0.0,0.17503245,0.16988404,0.16627866,0.17972963,0.15255474,0.15652049
404,1.0,1.0,1.0,1.0,0.0,0.0,0.22184813,0.1240095,0.17990378,0.147634,0.10281477,0.2237899
405,1.0,1.0,1.0,1.0,1.0,1.0,0.14879417,0.19064912,0.20534404,0.15862198,0.1415653,0.1550254
406,0.0,1.0,1.0,1.0,1.0,0.0,0.1613367,0.1450186,0.1594502,0.17026016,0.20559604,0.1583383
407,0.0,0.0,0.0,0.0,0.0,0.0,0.20445509,0.12483834,0.102095015,0.1479143,0.19608487,0.22461241
408,1.0,1.0,1.0,1.0,0.0,1.0,0.2222429,0.11713171,0.18249454,0.15600064,0.10680577,0.21532449
409,1.0,1.0,1.0,1.0,1.0,1.0,0.12782814,0.17289779,0.21816619,0.17555547,0.15227306,0.15327933
410,1.0,1.0,0.0,0.0,1.0,0.0,0.25977343,0.10839548,0.17250691,0.14890322,0.08966034,0.22076066
411,0.0,1.0,1.0,0.0,1.0,0.0,0.14344415,0.20349517,0.23604201,0.15421842,0.1345629,0.12823735
412,0.0,0.0,0.0,0.0,0.0,0.0,0.1692759,0.17048347,0.12064426,0.15685114,0.2408778,0.14186734
413,1.0,1.0,1.0,1.0,1.0,1.0,0.2526464,0.12304224,0.17127605,0.1414545,0.10442887,0.20715192
414,0.0,1.0,1.0,1.0,1.0,1.0,0.13184488,0.18080536,0.2560592,0.14463617,0.1378393,0.14881511
415,1.0,1.0,1.0,1.0,1.0,0.0,0.23075168,0.10877632,0.17641781,0.15854582,0.103163585,0.22234482
416,1.0,1.0,1.0,1.0,1.0,1.0,0.24973047,0.13347,0.17587967,0.15291321,0.10257114,0.18543558
417,1.0,1.0,1.0,0.0,1.0,1.0,0.23073028,0.13636184,0.18312559,0.1481478,0.1060654,0.1955691
418,1.0,1.0,1.0,1.0,1.0,1.0,0.20014614,0.13489565,0.18859743,0.17003411,0.11468081,0.1916459
419,1.0,1.0,1.0,1.0,1.0,1.0,0.13879919,0.14933276,0.20786273,0.17459215,0.16295648,0.16645668
420,1.0,1.0,1.0,1.0,1.0,1.0,0.2312988,0.12701003,0.18711507,0.1545953,0.10100211,0.19897868
421,1.0,1.0,1.0,1.0,1.0,1.0,0.17492713,0.11410354,0.20912121,0.17064443,0.1325304,0.19867328
422,1.0,0.0,0.0,0.0,0.0,0.0,0.28226918,0.1015182,0.16299105,0.14267278,0.088231064,0.22231776
423,1.0,1.0,0.0,0.0,0.0,0.0,0.434184,0.1322323,0.069315344,0.09610548,0.099961005,0.16820176
424,0.0,1.0,1.0,1.0,1.0,1.0,0.11987103,0.21304773,0.2695402,0.13764852,0.13160773,0.12828483
425,1.0,1.0,1.0,1.0,1.0,1.0,0.26068208,0.1277133,0.18080845,0.1279696,0.08271498,0.22011156
426,1.0,1.0,0.0,0.0,0.0,0.0,0.4048176,0.13328402,0.070674926,0.098860614,0.07908386,0.21327904
427,1.0,1.0,1.0,1.0,1.0,1.0,0.19649702,0.12040981,0.19371723,0.16423063,0.11129369,0.21385166
428,1.0,1.0,1.0,1.0,1.0,1.0,0.124476224,0.19904491,0.23561996,0.16243516,0.14010195,0.13832176
429,1.0,1.0,1.0,1.0,1.0,0.0,0.24046688,0.14820419,0.18575165,0.13703017,0.08661592,0.20193116
430,0.0,0.0,0.0,0.0,0.0,0.0,0.19830014,0.16598175,0.14242572,0.16923197,0.15767354,0.16638695
431,1.0,1.0,1.0,0.0,1.0,1.0,0.26655355,0.11753342,0.1772399,0.1396129,0.09999555,0.19906466
432,0.0,0.0,0.0,0.0,0.0,0.0,0.19342981,0.13234095,0.13207896,0.16151462,0.19391036,0.18672535
433,1.0,1.0,1.0,1.0,1.0,1.0,0.1132813,0.20542596,0.2626917,0.14820652,0.14447762,0.12591684
434,0.0,0.0,0.0,0.0,0.0,0.0,0.19966295,0.15673316,0.1397707,0.14190759,0.1869947,0.17493092
435,1.0,0.0,0.0,0.0,0.0,0.0,0.3234394,0.13683748,0.11797308,0.12840883,0.081227355,0.21211386
436,1.0,1.0,1.0,1.0,1.0,0.0,0.21731502,0.09231507,0.15811539,0.16878903,0.12391128,0.2395542
437,1.0,1.0,1.0,1.0,1.0,0.0,0.19017653,0.12300846,0.19187367,0.15805586,0.119473435,0.21741192
438,0.0,0.0,0.0,0.0,0.0,0.0,0.17675465,0.1662288,0.17207755,0.16701515,0.18105549,0.13686834
439,1.0,1.0,1.0,0.0,0.0,1.0,0.245455,0.12628125,0.19959137,0.13432951,0.08666423,0.2076786
440,1.0,1.0,0.0,0.0,1.0,0.0,0.2861021,0.08804879,0.12473692,0.1324801,0.11527186,0.2533603
441,0.0,1.0,1.0,1.0,0.0,1.0,0.14351039,0.19145201,0.2657407,0.13780972,0.11212013,0.14936703
442,0.0,1.0,1.0,1.0,0.0,1.0,0.14348523,0.1705751,0.2404452,0.1660126,0.13368842,0.14579338
443,1.0,1.0,1.0,1.0,1.0,0.0,0.20339932,0.113034755,0.18690719,0.17018263,0.12145386,0.20502226
444,0.0,0.0,0.0,0.0,0.0,0.0,0.30212578,0.14370619,0.0791512,0.12109249,0.13899662,0.21492776
445,1.0,1.0,0.0,0.0,1.0,0.0,0.22042184,0.13842925,0.16338135,0.14925708,0.12246679,0.2060437
446,0.0,0.0,0.0,0.0,0.0,0.0,0.21439806,0.17952767,0.13112146,0.13165049,0.2049621,0.13834025
447,0.0,0.0,0.0,0.0,0.0,0.0,0.17627482,0.17088002,0.13299933,0.16220114,0.21729206,0.1403527
448,1.0,1.0,0.0,0.0,1.0,0.0,0.26294196,0.14478487,0.15098603,0.13023138,0.11522058,0.19583523
449,0.0,1.0,0.0,1.0,1.0,0.0,0.13985746,0.18021367,0.24287374,0.14911206,0.15143043,0.13651267
450,0.0,0.0,1.0,0.0,0.0,0.0,0.12585412,0.17344984,0.24815789,0.1467018,0.16252345,0.14331293
451,1.0,1.0,1.0,1.0,1.0,1.0,0.11798992,0.20066027,0.25789064,0.15402177,0.12425487,0.14518248
452,0.0,1.0,1.0,1.0,0.0,1.0,0.13228805,0.18101034,0.24036022,0.1501066,0.142028,0.15420678
453,1.0,1.0,1.0,1.0,1.0,1.0,0.22549607,0.1327282,0.19696863,0.16124195,0.10790512,0.17565997
454,0.0,0.0,0.0,0.0,0.0,0.0,0.18060264,0.18899758,0.12991968,0.14887576,0.20621334,0.14539109
455,1.0,1.0,1.0,1.0,1.0,1.0,0.1252937,0.22027726,0.24041833,0.1396788,0.13382629,0.14050566
456,1.0,1.0,1.0,1.0,1.0,1.0,0.20140746,0.11509171,0.19312106,0.16266176,0.11542799,0.2122901
457,1.0,1.0,0.0,1.0,1.0,0.0,0.21158706,0.11644835,0.19909956,0.14473872,0.11868143,0.20944494
458,1.0,1.0,1.0,1.0,1.0,0.0,0.20324285,0.10684253,0.17825401,0.18208984,0.12964903,0.19992173
459,0.0,0.0,0.0,0.0,1.0,0.0,0.186598,0.188226,0.12905894,0.15079041,0.21976954,0.12555702
460,0.0,0.0,0.0,0.0,0.0,0.0,0.14753252,0.19333038,0.21494795,0.152771,0.13584514,0.155573
461,0.0,0.0,0.0,0.0,0.0,0.0,0.15195288,0.15883158,0.14583682,0.15623887,0.24735796,0.13978195
462,0.0,0.0,0.0,0.0,0.0,0.0,0.17473987,0.16864292,0.14163089,0.18412891,0.18232411,0.14853331
463,0.0,0.0,0.0,0.0,0.0,0.0,0.17177874,0.15166698,0.1465396,0.1643766,0.21469052,0.15094756
464,0.0,0.0,0.0,1.0,0.0,0.0,0.16943434,0.1635528,0.13593477,0.16474202,0.2271008,0.1392353
465,0.0,0.0,1.0,0.0,0.0,0.0,0.13898705,0.16704619,0.22269925,0.15863442,0.14490518,0.16772796
466,0.0,1.0,1.0,1.0,1.0,1.0,0.1320657,0.1735824,0.25484964,0.14679709,0.13728702,0.15541814
467,1.0,1.0,1.0,1.0,1.0,1.0,0.24321385,0.14135867,0.18606701,0.14006978,0.099752784,0.18953791
468,1.0,1.0,1.0,1.0,1.0,1.0,0.23406751,0.106956944,0.18349381,0.14875023,0.10304519,0.2236862
469,1.0,1.0,0.0,0.0,1.0,0.0,0.38473347,0.11892648,0.080969036,0.09804876,0.12121584,0.1961063
470,1.0,1.0,1.0,0.0,1.0,1.0,0.2784095,0.11488854,0.15020102,0.1381057,0.06629947,0.2520958
471,1.0,1.0,0.0,0.0,1.0,1.0,0.3125172,0.07773847,0.062011577,0.10213636,0.11774544,0.327851
472,1.0,1.0,1.0,1.0,1.0,0.0,0.20877922,0.12737451,0.20076828,0.15349838,0.11891718,0.19066247
473,1.0,1.0,1.0,1.0,1.0,1.0,0.20743874,0.11884022,0.18412465,0.16375636,0.122069284,0.20377077
474,1.0,1.0,1.0,1.0,1.0,1.0,0.26189888,0.13904494,0.17743811,0.13011783,0.087719545,0.2037807
475,1.0,1.0,1.0,1.0,1.0,0.0,0.25853688,0.14490364,0.17162563,0.12508842,0.07686145,0.22298403
476,0.0,0.0,0.0,0.0,0.0,0.0,0.13437422,0.20988607,0.24242033,0.14665808,0.11899026,0.14767107
477,1.0,1.0,0.0,0.0,1.0,0.0,0.2802047,0.14894383,0.1715439,0.12599358,0.055046417,0.21826749
478,1.0,1.0,1.0,1.0,1.0,0.0,0.22012001,0.117650226,0.18412116,0.16222708,0.106774576,0.20910703
479,1.0,0.0,0.0,0.0,0.0,0.0,0.23941617,0.13592833,0.15155236,0.14143297,0.11666117,0.215009
480,1.0,1.0,0.0,0.0,0.0,0.0,0.33919343,0.1207894,0.13637972,0.10934875,0.06653673,0.22775196
481,0.0,1.0,1.0,1.0,1.0,1.0,0.13294996,0.2040828,0.22919016,0.14663401,0.15646897,0.13067411
482,0.0,0.0,0.0,0.0,0.0,0.0,0.16634406,0.19029713,0.16273278,0.15176193,0.17199418,0.15686987
483,1.0,1.0,0.0,0.0,1.0,0.0,0.35739952,0.11705739,0.08291217,0.11147947,0.098162115,0.23298933
484,0.0,1.0,1.0,1.0,1.0,1.0,0.1286068,0.19143957,0.260376,0.15968335,0.13684632,0.12304802
485,1.0,1.0,1.0,1.0,1.0,1.0,0.23482807,0.13496889,0.18948597,0.14278871,0.102164544,0.19576386
486,1.0,1.0,1.0,1.0,1.0,1.0,0.12244519,0.20246214,0.24934602,0.14473188,0.14201261,0.13900217
487,1.0,1.0,1.0,0.0,1.0,0.0,0.2629682,0.109611064,0.17582722,0.14903374,0.0831463,0.21941338
488,1.0,1.0,0.0,0.0,1.0,0.0,0.29345036,0.10702804,0.120023005,0.13823637,0.104278825,0.2369834
489,1.0,1.0,1.0,1.0,0.0,0.0,0.1589598,0.15244152,0.20736375,0.16785927,0.15547715,0.15789852
490,0.0,0.0,0.0,0.0,0.0,0.0,0.17158766,0.18103735,0.1532289,0.15281127,0.17864689,0.1626879
491,1.0,1.0,1.0,1.0,1.0,0.0,0.23015518,0.1291351,0.18491577,0.14581493,0.11511661,0.1948623
492,1.0,1.0,0.0,0.0,1.0,0.0,0.20584935,0.14439237,0.20053364,0.15751636,0.11722029,0.17448801
493,1.0,1.0,1.0,1.0,0.0,0.0,0.27707863,0.12227163,0.18463807,0.12186947,0.06704346,0.2270988
494,1.0,1.0,0.0,0.0,1.0,0.0,0.25879866,0.12936363,0.15935618,0.14087366,0.109011956,0.2025959
495,0.0,0.0,0.0,0.0,0.0,0.0,0.1654452,0.17904592,0.13400282,0.17480907,0.20075966,0.14593738
496,1.0,1.0,0.0,1.0,1.0,0.0,0.30925477,0.122293375,0.112986445,0.16102022,0.07326438,0.22118081
497,1.0,1.0,0.0,0.0,0.0,0.0,0.3580884,0.11951397,0.13133107,0.092496656,0.034227587,0.26434228
498,1.0,1.0,0.0,0.0,0.0,0.0,0.25122547,0.14332959,0.1798067,0.13535707,0.09001923,0.20026192
499,1.0,1.0,0.0,0.0,1.0,1.0,0.17970192,0.11784581,0.1065161,0.16577782,0.19472004,0.23543821
500,0.0,0.0,0.0,0.0,0.0,0.0,0.16598743,0.20063804,0.14572611,0.16754812,0.18036897,0.1397313
501,0.0,1.0,1.0,1.0,1.0,1.0,0.13941593,0.20810586,0.23480098,0.13754274,0.12828913,0.15184532
502,1.0,1.0,0.0,1.0,1.0,0.0,0.2660393,0.10822043,0.1552315,0.13588227,0.08499052,0.24963602
503,1.0,1.0,0.0,0.0,1.0,0.0,0.3530711,0.14588597,0.07489254,0.11127482,0.13238601,0.18248956
504,1.0,1.0,0.0,0.0,0.0,0.0,0.48618564,0.14751905,0.07376059,0.06434713,0.068964854,0.15922275
505,1.0,1.0,1.0,1.0,1.0,1.0,0.25306314,0.11671992,0.16725509,0.1453917,0.112301745,0.20526841
506,1.0,1.0,1.0,1.0,0.0,1.0,0.2585356,0.122082405,0.17012051,0.15643589,0.10483625,0.18798944
507,0.0,0.0,0.0,0.0,0.0,0.0,0.14806816,0.1966779,0.22342974,0.13930412,0.14523576,0.14728425
508,0.0,0.0,0.0,0.0,0.0,0.0,0.19187741,0.174666,0.14145888,0.15137376,0.18481788,0.1558061
509,1.0,1.0,0.0,0.0,0.0,0.0,0.23995733,0.12566955,0.16960569,0.15100135,0.108557984,0.20520811
510,1.0,1.0,1.0,1.0,1.0,1.0,0.22086406,0.13684107,0.19357006,0.14816003,0.10452676,0.19603801
511,1.0,1.0,1.0,1.0,0.0,1.0,0.13167302,0.20915963,0.24994741,0.13527429,0.12471727,0.1492284
512,1.0,1.0,0.0,0.0,1.0,0.0,0.27848387,0.1372214,0.15898697,0.13907412,0.0877334,0.19850034
513,1.0,0.0,0.0,0.0,0.0,0.0,0.39083442,0.13508998,0.09573464,0.12939976,0.08211488,0.16682638
514,0.0,0.0,0.0,0.0,0.0,0.0,0.1523992,0.17280388,0.19969465,0.18251081,0.14750066,0.14509077
515,1.0,1.0,1.0,0.0,1.0,0.0,0.2501774,0.13044378,0.1772737,0.13505836,0.10292349,0.20412332
516,1.0,1.0,0.0,0.0,1.0,0.0,0.30892402,0.10300748,0.14017645,0.13610277,0.08488873,0.22690056
517,1.0,1.0,1.0,1.0,1.0,1.0,0.21642105,0.11425554,0.18069288,0.15648755,0.11846554,0.21367744
518,1.0,1.0,1.0,1.0,1.0,0.0,0.22174041,0.14528032,0.1806326,0.15129833,0.11601861,0.1850298
519,0.0,0.0,0.0,0.0,0.0,0.0,0.16027565,0.18488896,0.14638357,0.16144635,0.20545164,0.14155385
520,0.0,0.0,1.0,0.0,0.0,0.0,0.13493034,0.19995879,0.24247733,0.13684428,0.14569306,0.14009623
521,0.0,0.0,1.0,1.0,0.0,1.0,0.124891065,0.20099986,0.23425725,0.14749347,0.15909012,0.13326825
522,1.0,1.0,0.0,0.0,1.0,0.0,0.34703502,0.12844895,0.110845715,0.12650037,0.07081869,0.21635124
523,1.0,1.0,1.0,1.0,1.0,1.0,0.14854811,0.15950896,0.2185501,0.17928287,0.1370379,0.1570721
524,1.0,1.0,1.0,1.0,1.0,0.0,0.20225473,0.123416096,0.19062473,0.16766706,0.13015841,0.18587899
525,1.0,1.0,0.0,0.0,0.0,0.0,0.25627875,0.124117404,0.1558797,0.13816825,0.10471682,0.22083904
526,0.0,0.0,0.0,0.0,0.0,0.0,0.16705017,0.1692155,0.13367052,0.16448322,0.19876926,0.16681135
527,1.0,1.0,0.0,0.0,0.0,0.0,0.42412087,0.12361836,0.0631316,0.08246948,0.09746145,0.20919822
528,0.0,0.0,0.0,0.0,0.0,0.0,0.18389271,0.17325188,0.13435268,0.16457365,0.19509062,0.14883855
529,0.0,0.0,0.0,0.0,0.0,0.0,0.14649208,0.16395044,0.2212247,0.17203166,0.14995803,0.14634311
530,1.0,1.0,1.0,0.0,0.0,0.0,0.23827495,0.11861068,0.17011584,0.14988266,0.09562062,0.22749528
531,1.0,1.0,1.0,1.0,1.0,1.0,0.12962976,0.17777376,0.22690171,0.16638237,0.1500311,0.14928134
532,1.0,1.0,0.0,1.0,1.0,0.0,0.24029104,0.112921566,0.1770806,0.1550878,0.11877232,0.19584669
533,0.0,0.0,0.0,0.0,0.0,0.0,0.19486332,0.19511276,0.12866423,0.15377302,0.18256554,0.14502116
534,1.0,1.0,0.0,0.0,1.0,0.0,0.30374438,0.11115443,0.102583416,0.1185775,0.10891491,0.2550254
535,1.0,1.0,1.0,1.0,1.0,0.0,0.24714112,0.119822785,0.18991284,0.1372662,0.10233326,0.20352378
536,1.0,1.0,0.0,0.0,1.0,0.0,0.29635403,0.12691452,0.10484056,0.13303518,0.117533155,0.22132257
537,0.0,0.0,0.0,0.0,0.0,0.0,0.17268388,0.16558719,0.132014,0.16016136,0.22371542,0.14583811
538,1.0,1.0,1.0,1.0,1.0,1.0,0.18619344,0.10935666,0.19106214,0.17088619,0.12985687,0.21264464
539,0.0,0.0,0.0,0.0,0.0,0.0,0.15664083,0.1675118,0.1431221,0.16613969,0.22970365,0.13688186
540,1.0,1.0,0.0,0.0,1.0,0.0,0.35350326,0.1268383,0.1092165,0.12343285,0.056515012,0.23049401
541,1.0,1.0,0.0,0.0,0.0,0.0,0.32897085,0.13112462,0.13872631,0.12099781,0.07555627,0.20462418
542,0.0,0.0,0.0,0.0,0.0,0.0,0.19338447,0.15421723,0.13657375,0.15143558,0.19920792,0.16518107
543,1.0,1.0,0.0,1.0,1.0,0.0,0.29941016,0.11468618,0.14001323,0.12242994,0.097538844,0.22592156
544,1.0,1.0,1.0,1.0,1.0,0.0,0.19246152,0.119801775,0.1746764,0.16471882,0.13344108,0.21490043
545,0.0,0.0,0.0,0.0,0.0,0.0,0.15712419,0.1485548,0.16858084,0.16797818,0.20521602,0.15254599
546,1.0,1.0,0.0,0.0,1.0,0.0,0.306615,0.09966868,0.099557154,0.10973565,0.09765026,0.2867732
547,1.0,1.0,1.0,1.0,0.0,0.0,0.24658817,0.12692589,0.15985234,0.14920908,0.102671,0.21475357
548,0.0,0.0,0.0,0.0,0.0,0.0,0.1525857,0.20199233,0.20743942,0.1472318,0.15010259,0.14064819
549,0.0,0.0,0.0,0.0,0.0,0.0,0.15771812,0.155775,0.13960184,0.16861276,0.23401812,0.14427415
550,0.0,0.0,0.0,0.0,1.0,0.0,0.16648626,0.17083189,0.14458115,0.1540056,0.21154352,0.1525516
551,0.0,0.0,0.0,0.0,0.0,0.0,0.14898612,0.14171332,0.17135908,0.16774014,0.2283733,0.14182806
552,1.0,1.0,0.0,0.0,0.0,0.0,0.507358,0.14751308,0.06495083,0.06134154,0.056386743,0.16244978
